data <- c(5,6,9)
